kp=4/((180/pi)*(19.7/1.7));
kd=3/((180/pi)*(19.7/1.7));
ki=0.000/((180/pi)*(19.7/1.7));
c=3/5*9.8;
r=20;
